0.0,0.0039,-0.9906
0.0,0.0,-0.9984
-0.0078,-0.0039,-0.9945
-0.0039,-0.0039,-0.9984
-0.0039,0.0039,-1.0023
-0.0039,0.0039,-0.9867
-0.0117,0.0,-0.9984
0.0078,-0.0039,-0.9984
0.0,-0.0039,-0.9945
-0.0039,0.0,-1.0023
0.0039,-0.0039,-1.0023
-0.0039,0.0,-0.9906
-0.0117,0.0039,-0.9867
-0.0078,0.0,-1.0023
-0.0078,-0.0039,-1.0023
-0.0078,0.0039,-0.9867
-0.0078,0.0078,-1.0023
0.0078,-0.0078,-0.9906
0.0039,-0.0078,-0.9984
-0.0078,-0.0039,-0.9828
0.0,-0.0039,-0.9906
-0.0117,0.0,-0.9867
-0.0039,0.0078,-0.9945
0.0,0.0078,-0.9984
-0.0039,0.0,-0.9945
-0.0078,-0.0078,-0.9828
-0.0039,0.0,-1.0023
-0.0039,-0.0078,-0.9984
0.0,-0.0039,-0.9984
-0.0039,0.0,-0.9984
0.0,-0.0039,-1.0023
0.0039,-0.0078,-0.9945
-0.0078,0.0,-0.9984
-0.0078,-0.0039,-0.9828
0.0,0.0,-1.0062
-0.0039,-0.0117,-0.9906
-0.0039,-0.0078,-0.9906
-0.0078,0.0078,-0.9906
-0.0039,-0.0039,-0.9945
0.0078,-0.0039,-0.9984
-0.0078,-0.0039,-0.9945
-0.0039,0.0039,-0.9906
0.0039,0.0078,-0.9984
-0.0078,-0.0039,-0.9984
-0.0039,-0.0039,-0.9906
-0.0117,0.0039,-1.0062
-0.0039,-0.0039,-0.9906
-0.0039,0.0,-0.9867
-0.0039,0.0078,-0.9867
0.0,0.0039,-0.9984
-0.0078,-0.0078,-1.0023
-0.0078,0.0,-0.9984
-0.0039,0.0117,-0.9945
-0.0039,0.0156,-1.0023
0.0078,-0.0039,-0.9945
-0.0156,-0.0039,-0.9867
-0.0039,0.0078,-0.9984
-0.0117,0.0,-1.0023
-0.0039,-0.0039,-0.9867
-0.0117,0.0,-0.9906
0.0,0.0078,-0.9945
-0.0039,-0.0039,-0.9945
-0.0078,0.0,-0.9945
-0.0039,-0.0039,-0.9906
-0.0039,0.0,-0.9984
-0.0039,-0.0039,-0.9984
-0.0039,0.0039,-0.9945
-0.0117,0.0039,-0.9984
0.0,-0.0039,-0.9945
-0.0117,0.0,-0.9867
-0.0078,0.0,-0.9945
-0.0078,0.0,-0.9867
-0.0117,0.0039,-0.9984
-0.0117,-0.0039,-0.9945
-0.0156,-0.0117,-0.9906
-0.0078,0.0,-0.9828
0.0,0.0078,-1.0062
0.0,-0.0078,-0.9945
-0.0078,-0.0039,-0.9906
-0.0039,0.0078,-0.9867
-0.0039,0.0,-0.9984
0.0,-0.0078,-0.9945
-0.0039,0.0,-0.9945
0.0,0.0039,-0.9984
0.0,0.0,-0.9984
0.0,0.0,-0.9984
0.0039,0.0078,-0.9867
-0.0117,-0.0039,-0.9867
-0.0039,-0.0117,-0.9945
-0.0039,0.0,-0.9906
-0.0078,-0.0039,-0.9945
-0.0039,0.0078,-0.9945
-0.0078,0.0,-0.9984
-0.0117,-0.0117,-0.9984
-0.0039,-0.0039,-0.9945
-0.0039,0.0,-0.9867
0.0,0.0,-0.9984
0.0039,0.0,-0.9984
-0.0078,-0.0039,-0.9867
-0.0078,0.0078,-1.0062
0.0039,0.0,-0.9945
-0.0078,-0.0039,-0.9945
-0.0039,0.0078,-1.0062
-0.0039,-0.0039,-1.0023
-0.0117,-0.0078,-0.9984
-0.0039,-0.0039,-0.9906
-0.0039,-0.0039,-0.9867
-0.0039,0.0117,-0.9984
-0.0039,0.0,-0.9984
-0.0039,-0.0039,-0.9984
-0.0039,0.0,-0.9867
-0.0039,0.0,-0.9945
0.0,-0.0039,-0.9906
0.0078,-0.0039,-0.9984
-0.0117,-0.0078,-0.9906
-0.0078,0.0,-0.9945
-0.0039,0.0078,-1.0023
0.0,-0.0039,-0.9945
-0.0078,-0.0078,-0.9867
-0.0039,0.0039,-0.9984
-0.0039,-0.0039,-0.9984
-0.0078,-0.0039,-0.9906
0.0,0.0,-0.9945
-0.0039,0.0117,-0.9906
-0.0078,-0.0039,-0.9984
0.0,0.0,-0.9984
-0.0078,0.0,-0.9945
0.0,0.0078,-1.0023
-0.0078,0.0039,-0.9906
-0.0039,-0.0039,-1.0023
-0.0078,0.0,-0.9906
-0.0078,0.0039,-0.9906
-0.0039,0.0117,-0.9945
-0.0039,-0.0039,-1.0023
-0.0078,0.0,-0.9906
0.0,0.0,-0.9984
-0.0039,-0.0039,-1.0023
-0.0078,0.0,-0.9984
-0.0039,0.0117,-0.9945
0.0,0.0,-0.9945
0.0078,0.0,-0.9945
-0.0117,-0.0078,-0.9945
-0.0078,-0.0039,-0.9984
-0.0117,-0.0039,-0.9906
-0.0039,0.0078,-0.9945
-0.0039,0.0,-0.9984
-0.0039,-0.0078,-0.9984
-0.0078,0.0,-0.9906
0.0039,0.0156,-1.0023
-0.0078,-0.0039,-0.9945
-0.0078,0.0,-0.9789
0.0,0.0078,-1.0023
0.0,-0.0039,-0.9984
-0.0078,0.0,-0.9945
0.0,0.0,-1.0101
-0.0039,0.0,-1.0023
-0.0039,-0.0039,-1.0062
-0.0039,-0.0039,-0.9906
-0.0078,0.0039,-0.9906
0.0,0.0117,-0.9984
-0.0078,0.0,-1.0062
-0.0039,0.0,-0.9906
-0.0117,0.0,-0.9906
0.0,0.0039,-1.0023
-0.0039,0.0,-0.9984
-0.0078,-0.0039,-0.9906
0.0,-0.0039,-0.9984
-0.0039,0.0,-1.0062
-0.0039,-0.0039,-0.9906
-0.0039,0.0,-0.9984
-0.0078,0.0,-0.9945
0.0078,0.0039,-0.9984
-0.0039,-0.0039,-1.0062
-0.0039,0.0,-0.9984
-0.0078,0.0078,-1.0062
-0.0039,-0.0039,-1.0023
-0.0039,0.0,-0.9945
-0.0039,0.0,-0.9906
-0.0039,0.0078,-1.0062
0.0039,0.0,-0.9945
-0.0078,-0.0078,-0.9945
0.0,-0.0039,-0.9945
-0.0039,0.0039,-1.0023
-0.0078,-0.0039,-1.0062
0.0,-0.0078,-0.9984
-0.0117,0.0,-0.9828
-0.0078,-0.0039,-0.9984
0.0,-0.0078,-0.9945
-0.0039,-0.0039,-0.9906
-0.0078,-0.0039,-0.9906
-0.0078,0.0039,-0.9945
-0.0039,-0.0039,-0.9984
-0.0117,0.0039,-0.9906
0.0,0.0,-1.0023
0.0,-0.0039,-0.9945
-0.0039,-0.0078,-0.9867
-0.0117,-0.0078,-0.9906
0.0,0.0039,-0.9984
-0.0078,0.0,-0.9984
-0.0039,0.0,-0.9984
-0.0039,0.0078,-0.9945
-0.0078,0.0117,-0.9984
0.0,-0.0039,-0.9945
-0.0078,0.0,-0.9906
-0.0039,0.0078,-1.0023
0.0039,0.0,-0.9945
-0.0078,-0.0039,-0.9945
-0.0039,-0.0039,-0.9945
0.0,0.0117,-0.9984
0.0078,-0.0039,-0.9945
-0.0078,0.0,-0.9906
-0.0039,0.0078,-1.0023
-0.0078,0.0,-0.9867
-0.0039,-0.0039,-1.0023
-0.0039,-0.0039,-0.9984
-0.0039,0.0078,-1.0023
0.0,-0.0039,-0.9984
-0.0078,0.0,-0.9945
-0.0039,0.0078,-1.0062
-0.0078,0.0039,-0.9945
-0.0117,0.0,-0.9906
0.0039,0.0078,-1.0023
-0.0039,-0.0039,-1.0023
-0.0078,0.0,-0.9789
-0.0156,0.0,-0.9945
-0.0039,0.0039,-1.0062
0.0039,-0.0039,-0.9984
-0.0078,0.0,-0.9945
-0.0117,0.0,-0.9867
-0.0039,0.0039,-0.9906
-0.0039,0.0156,-1.0023
0.0,-0.0117,-0.9984
-0.0039,-0.0039,-0.9984
-0.0117,0.0,-0.9867
0.0,0.0,-0.9984
-0.0039,0.0039,-0.9945
-0.0078,-0.0039,-0.9828
-0.0039,0.0,-0.9945
0.0,0.0117,-0.9984
0.0039,-0.0039,-0.9984
-0.0078,-0.0078,-0.9867
-0.0117,-0.0117,-0.9906
-0.0039,0.0,-0.9984
-0.0078,0.0,-0.9984
-0.0039,-0.0039,-0.9906
-0.0078,0.0039,-0.9867
0.0,0.0078,-0.9984
0.0,-0.0078,-1.0023
-0.0078,0.0,-0.9945
-0.0039,0.0078,-0.9984
-0.0039,0.0039,-0.9945
-0.0039,0.0039,-0.9984
-0.0039,0.0078,-0.9984
-0.0039,-0.0039,-1.0023
0.0,0.0,-0.9945
-0.0078,0.0039,-0.9906
-0.0039,-0.0039,-0.9945
0.0078,-0.0078,-0.9984
0.0039,-0.0039,-1.0023
-0.0039,-0.0039,-0.9867
-0.0039,0.0,-0.9984
0.0,0.0,-0.9984
-0.0039,-0.0039,-0.9945
-0.0039,0.0078,-0.9984
0.0,-0.0039,-0.9984
-0.0078,-0.0039,-0.9867
-0.0078,0.0039,-0.9906
-0.0078,0.0,-0.9945
-0.0078,-0.0078,-0.9984
-0.0039,0.0039,-0.9984
-0.0078,0.0078,-0.9984
-0.0078,-0.0078,-0.9984
-0.0039,0.0,-1.0023
-0.0039,0.0,-0.9867
-0.0078,0.0078,-0.9945
-0.0078,-0.0039,-0.9945
0.0,-0.0039,-0.9906
-0.0078,-0.0039,-0.9867
-0.0039,0.0,-0.9828
-0.0078,0.0039,-0.9945
-0.0117,-0.0078,-0.9945
0.0,0.0,-0.9945
-0.0039,0.0,-1.0062
0.0,0.0039,-1.0023
0.0039,-0.0078,-0.9945
-0.0156,-0.0039,-0.9945
-0.0039,0.0,-0.9984
-0.0039,0.0,-0.9945
-0.0039,0.0,-0.9906
-0.0039,-0.0039,-0.9945
-0.0039,0.0039,-1.0023
0.0078,-0.0039,-0.9984
0.0078,-0.0078,-0.9984
-0.0039,0.0,-0.9945
-0.0039,0.0078,-0.9984
0.0117,-0.0078,-0.9984
-0.0078,-0.0039,-0.9945
0.0,0.0078,-1.0023
0.0,0.0,-1.0023
-0.0039,-0.0039,-0.9945
0.0,-0.0039,-0.9945
-0.0078,0.0039,-0.9906
-0.0039,0.0039,-0.9984
-0.0039,0.0,-0.9984
-0.0039,-0.0039,-0.9906
0.0,0.0,-0.9945
0.0,-0.0039,-0.9984
-0.0078,-0.0117,-0.9945
-0.0117,0.0039,-0.9828
-0.0117,0.0078,-0.9945
0.0078,-0.0039,-0.9906
-0.0039,0.0,-0.9945
-0.0078,-0.0078,-0.9906
0.0039,0.0117,-0.9945
0.0039,-0.0078,-0.9945
0.0,0.0,-0.9906
0.0,0.0117,-1.0023
-0.0078,-0.0078,-1.0023
-0.0117,0.0039,-0.9984
-0.0039,0.0078,-0.9945
0.0,-0.0039,-1.0062
-0.0078,-0.0078,-0.9945
-0.0039,0.0078,-1.0062
0.0039,0.0,-1.0101
-0.0078,-0.0039,-0.9906
-0.0117,0.0,-0.9945
0.0,0.0078,-0.9984
-0.0078,0.0,-1.0023
-0.0039,0.0039,-0.9945
-0.0078,0.0117,-0.9945
-0.0039,0.0117,-0.9945
0.0039,0.0,-0.9945
0.0,-0.0039,-0.9984
-0.0078,0.0039,-0.9906
0.0039,-0.0039,-0.9945
-0.0039,-0.0039,-0.9906
-0.0039,-0.0078,-1.0023
-0.0078,0.0078,-0.9945
-0.0117,0.0,-1.0023
-0.0156,0.0,-0.9867
0.0,0.0117,-0.9984
0.0078,-0.0039,-0.9906
-0.0195,-0.0039,-0.9945
0.0,0.0039,-1.0062
0.0039,-0.0039,-0.9984
-0.0078,-0.0039,-0.9906
-0.0039,-0.0039,-0.9984
0.0039,0.0,-0.9984
-0.0117,-0.0078,-0.9984
-0.0117,-0.0078,-0.9906
-0.0078,0.0039,-0.9945
-0.0078,0.0078,-1.0023
0.0,-0.0039,-0.9945
-0.0117,0.0,-0.9906
0.0,0.0078,-0.9945
-0.0078,-0.0039,-0.9906
-0.0078,-0.0078,-0.9906
-0.0039,0.0,-0.9945
-0.0078,0.0,-0.9867
-0.0039,-0.0078,-1.0062
0.0,-0.0078,-1.0023
-0.0078,-0.0039,-0.9906
0.0039,0.0039,-0.9906
0.0,0.0,-0.9984
-0.0039,-0.0078,-0.9867
-0.0078,0.0039,-0.9906
0.0,0.0039,-1.0023
0.0,-0.0039,-0.9984
-0.0039,-0.0039,-0.9906
-0.0039,0.0078,-0.9984
0.0,-0.0078,-0.9945
-0.0117,0.0,-0.9906
-0.0117,-0.0039,-0.9945
-0.0078,0.0039,-0.9867
-0.0039,0.0039,-0.9984
-0.0078,0.0,-0.9945
-0.0039,0.0,-0.9984
-0.0039,0.0039,-1.0062
0.0,-0.0039,-0.9984
-0.0078,-0.0039,-1.0023
-0.0039,0.0,-0.9906
-0.0117,0.0078,-1.0062
0.0039,0.0,-0.9945
0.0039,0.0,-0.9945
-0.0039,-0.0039,-0.9945
0.0,-0.0039,-0.9906
0.0,0.0039,-0.9945
-0.0078,-0.0039,-0.9984
-0.0078,-0.0039,-0.9945
-0.0078,0.0,-0.9906
0.0,0.0,-0.9945
0.0039,-0.0039,-0.9984
-0.0078,-0.0078,-0.9828
-0.0039,-0.0039,-0.9906
-0.0078,0.0117,-0.9984
-0.0039,-0.0039,-0.9945
-0.0039,-0.0039,-0.9867
0.0,0.0039,-0.9984
0.0,0.0039,-0.9984
-0.0039,0.0,-0.9906
-0.0039,-0.0039,-0.9867
-0.0039,0.0078,-0.9906
-0.0039,0.0078,-0.9984
0.0039,-0.0039,-0.9945
-0.0078,-0.0039,-0.9867
0.0,0.0,-0.9945
-0.0078,0.0078,-0.9828
-0.0039,0.0039,-0.9984
-0.0039,0.0078,-0.9906
-0.0039,-0.0078,-0.9945
-0.0039,0.0,-0.9906
0.0,0.0117,-0.9984
0.0039,0.0,-0.9906
0.0,-0.0039,-0.9945
-0.0078,-0.0039,-0.9906
-0.0039,-0.0039,-1.0023
-0.0039,0.0039,-0.9945
-0.0039,0.0,-0.9984
-0.0078,-0.0039,-0.9906
0.0,0.0,-1.0023
0.0,-0.0078,-1.0023
0.0078,-0.0078,-0.9984
-0.0039,0.0,-0.9984
0.0039,0.0039,-0.9906
-0.0039,-0.0039,-0.9984
-0.0078,0.0,-0.9867
-0.0078,-0.0078,-0.9945
-0.0039,0.0117,-0.9945
0.0078,-0.0039,-0.9984
0.0078,-0.0039,-0.9984
-0.0039,-0.0039,-0.9945
0.0,0.0,-0.9945
-0.0039,0.0039,-0.9945
-0.0117,0.0,-0.9984
-0.0117,-0.0039,-0.9828
-0.0078,0.0117,-1.0023
0.0,-0.0078,-0.9945
-0.0078,-0.0039,-0.9867
-0.0078,0.0039,-0.9984
-0.0078,0.0078,-0.9945
-0.0039,-0.0039,-1.0023
0.0,-0.0039,-0.9906
-0.0039,0.0,-1.0023
-0.0078,0.0039,-1.0023
-0.0039,0.0039,-0.9828
0.0,0.0,-0.9984
-0.0039,0.0078,-0.9984
-0.0117,-0.0078,-0.9945
-0.0039,0.0,-1.0062
0.0,0.0,-0.9984
-0.0078,0.0039,-0.9984
-0.0039,0.0,-0.9984
-0.0039,-0.0039,-0.9945
0.0,0.0,-0.9906
0.0,0.0078,-1.0062
-0.0039,0.0,-1.0023
-0.0039,-0.0039,-0.9945
-0.0039,0.0117,-1.0023
-0.0039,-0.0039,-1.0062
0.0,0.0039,-0.9984
-0.0117,-0.0078,-0.9906
0.0,0.0039,-1.0023
-0.0078,0.0039,-1.0062
-0.0039,0.0039,-1.0062
-0.0039,0.0,-0.9945
-0.0117,0.0,-0.9906
0.0,0.0,-0.9906
-0.0117,0.0,-0.9984
-0.0156,-0.0078,-0.9945
-0.0039,0.0,-0.9984
-0.0039,0.0078,-1.0023
0.0,0.0,-0.9906
-0.0078,-0.0039,-0.9945
-0.0039,-0.0039,-0.9984
-0.0078,0.0,-0.9984
-0.0117,0.0,-0.9828
-0.0078,0.0,-0.9906
0.0,0.0117,-0.9945
-0.0039,-0.0078,-0.9906
0.0039,-0.0039,-0.9984
-0.0039,-0.0039,-0.9984
0.0,0.0078,-1.0023
-0.0078,0.0078,-1.0101
0.0039,-0.0039,-0.9945
-0.0117,-0.0039,-0.9906
-0.0039,0.0078,-0.9906
0.0,0.0,-0.9984
-0.0039,0.0,-0.9945
-0.0039,0.0,-1.0023
-0.0078,0.0078,-0.9984
-0.0039,0.0,-1.0023
-0.0078,0.0,-0.9906
-0.0039,0.0156,-1.0062
-0.0039,0.0,-0.9984
-0.0117,0.0,-0.9828
-0.0039,0.0078,-0.9906
0.0,0.0,-0.9984
-0.0078,-0.0078,-0.9867
-0.0039,0.0078,-1.0062
-0.0117,0.0,-1.0023
-0.0039,-0.0078,-0.9867
0.0,-0.0039,-0.9945
0.0,0.0,-0.9984
-0.0078,0.0078,-1.0062
-0.0039,-0.0039,-1.0023
-0.0039,0.0039,-0.9945
-0.0156,0.0117,-1.0023
0.0039,-0.0039,-0.9945
0.0039,0.0039,-0.9906
-0.0078,-0.0039,-0.9906
-0.0039,0.0,-0.9906
-0.0039,0.0117,-0.9984
-0.0039,0.0039,-0.9945
-0.0117,-0.0039,-0.9828
-0.0039,0.0078,-0.9945
-0.0078,0.0039,-0.9984
-0.0078,0.0078,-1.0023
-0.0039,-0.0039,-0.9945
0.0,-0.0078,-0.9945
-0.0078,0.0,-0.9906
-0.0078,-0.0039,-0.9867
-0.0039,0.0078,-0.9945
0.0,0.0078,-0.9984
0.0078,0.0,-0.9984
-0.0117,-0.0039,-0.9867
0.0,-0.0078,-0.9945
0.0039,-0.0078,-0.9945
0.0,0.0,-0.9906
-0.0078,-0.0039,-0.9945
-0.0039,0.0,-0.9984
0.0,0.0,-1.0023
0.0078,-0.0039,-0.9945
-0.0078,0.0,-0.9867
0.0039,-0.0039,-0.9984
-0.0117,-0.0039,-0.9906
-0.0039,0.0,-0.9984
0.0,0.0,-1.0023
0.0,0.0,-1.0023
0.0,0.0,-0.9945
-0.0039,0.0078,-1.0023
0.0078,-0.0078,-0.9945
-0.0078,0.0,-0.9945
-0.0078,0.0039,-0.9984
0.0,0.0039,-0.9984
-0.0078,-0.0039,-0.9906
-0.0156,-0.0039,-0.9867
-0.0039,0.0039,-0.9945
-0.0039,0.0,-1.0101
0.0039,-0.0078,-1.0062
-0.0078,-0.0039,-0.9867
-0.0078,0.0039,-0.9945
-0.0117,0.0,-0.9867
-0.0039,0.0078,-1.0023
-0.0039,0.0,-1.0062
-0.0039,0.0,-0.9906
0.0,-0.0039,-0.9945
-0.0039,0.0078,-0.9984
-0.0039,-0.0039,-0.9945
-0.0039,0.0,-0.9984
-0.0078,0.0,-0.9984
0.0,0.0078,-1.0023
0.0,-0.0078,-0.9906
-0.0156,0.0,-0.9906
-0.0039,0.0078,-0.9945
-0.0039,0.0,-1.0023
-0.0117,-0.0117,-0.9945
-0.0078,0.0,-0.9906
0.0,0.0,-0.9945
0.0,0.0078,-1.0023
0.0,-0.0039,-1.0023
-0.0039,-0.0039,-1.0023
-0.0078,0.0,-0.9984
0.0,-0.0039,-0.9945
-0.0039,0.0,-1.0023
-0.0078,-0.0078,-0.9945
-0.0039,-0.0039,-0.9984
-0.0117,-0.0039,-0.9867
-0.0039,0.0117,-0.9984
-0.0039,0.0,-1.0023
-0.0039,-0.0078,-0.9906
-0.0117,0.0,-0.9984
-0.0078,0.0117,-0.9945
-0.0078,-0.0039,-1.0023
-0.0156,-0.0078,-0.9867
-0.0039,0.0078,-1.0023
0.0039,0.0,-0.9945
-0.0039,0.0,-0.9945
-0.0078,-0.0078,-0.9984
-0.0078,0.0,-0.9945
-0.0078,0.0039,-1.0062
-0.0039,0.0078,-1.0023
0.0078,-0.0078,-0.9984
-0.0039,-0.0039,-0.9984
0.0,0.0078,-0.9945
-0.0039,0.0039,-1.0023
0.0,0.0039,-1.0023
0.0,0.0117,-1.0023
-0.0078,-0.0078,-0.9906
-0.0117,-0.0039,-0.9906
-0.0078,0.0117,-0.9984
0.0078,-0.0039,-0.9945
-0.0156,0.0,-0.9945
-0.0039,0.0078,-0.9984
-0.0039,0.0,-1.0023
0.0039,0.0,-1.0023
-0.0117,-0.0078,-0.9906
-0.0078,-0.0078,-0.9906
-0.0078,0.0078,-0.9945
0.0,0.0,-0.9906
-0.0078,-0.0039,-0.9945
-0.0117,-0.0039,-0.9945
-0.0078,0.0,-0.9906
-0.0039,0.0039,-1.0023
0.0078,-0.0078,-0.9945
-0.0156,-0.0078,-0.9867
-0.0039,0.0078,-0.9945
0.0078,-0.0039,-0.9984
0.0,-0.0078,-0.9945
0.0,-0.0039,-1.0023
-0.0156,0.0,-0.9906
-0.0039,-0.0039,-0.9945
0.0,-0.0039,-0.9945
-0.0078,-0.0039,-0.9867
-0.0078,0.0039,-0.9945
-0.0039,0.0078,-0.9984
0.0078,-0.0039,-0.9984
-0.0117,-0.0039,-0.9906
-0.0039,0.0117,-1.0023
-0.0078,0.0,-1.0023
-0.0078,0.0,-0.9906
-0.0039,-0.0078,-0.9984
0.0,0.0078,-0.9984
-0.0039,0.0,-0.9945
-0.0078,-0.0039,-0.9984
-0.0078,0.0117,-0.9984
-0.0117,0.0117,-0.9984
0.0,-0.0039,-0.9945
-0.0078,-0.0078,-0.9945
-0.0078,0.0,-0.9984
-0.0117,-0.0039,-0.9906
0.0,0.0039,-0.9984
-0.0039,0.0,-0.9984
-0.0078,0.0,-0.9906
-0.0078,0.0078,-0.9945
0.0,-0.0039,-0.9906
0.0,-0.0039,-0.9984
-0.0078,0.0,-0.9867
-0.0078,0.0039,-0.9867
0.0,0.0039,-0.9984
-0.0078,0.0078,-1.0023
-0.0078,-0.0039,-0.9984
-0.0078,0.0,-0.9984
-0.0039,0.0117,-1.0023
-0.0039,0.0156,-0.9984
-0.0078,-0.0039,-0.9984
-0.0117,0.0,-0.9945
-0.0078,0.0117,-1.0023
0.0,-0.0039,-0.9984
-0.0039,0.0,-0.9867
-0.0078,-0.0039,-0.9867
0.0,0.0078,-0.9984
0.0,-0.0039,-0.9906
-0.0078,0.0,-0.9867
0.0,0.0,-0.9945
0.0,0.0,-1.0023
-0.0117,-0.0039,-0.9906
-0.0156,-0.0039,-0.9906
-0.0039,0.0039,-0.9984
0.0039,-0.0039,-0.9945
0.0078,-0.0078,-0.9984
-0.0078,-0.0039,-0.9867
-0.0078,0.0,-0.9945
-0.0078,0.0078,-0.9906
0.0039,0.0,-0.9906
-0.0039,0.0,-0.9984
-0.0078,-0.0039,-0.9828
0.0039,0.0,-1.0023
-0.0039,0.0117,-1.0023
-0.0078,-0.0039,-0.9945
-0.0039,0.0,-1.0023
-0.0078,-0.0039,-1.0023
0.0039,-0.0039,-0.9984
-0.0078,0.0,-0.9906
-0.0039,0.0,-1.0023
0.0,0.0117,-1.0023
0.0078,0.0,-0.9945
-0.0078,0.0,-0.9945
-0.0039,0.0078,-0.9984
-0.0117,0.0039,-0.9867
0.0078,0.0,-0.9945
-0.0039,-0.0078,-0.9945
0.0,-0.0039,-1.0023
-0.0117,-0.0039,-0.9906
0.0,0.0,-0.9945
0.0,-0.0039,-1.0062
-0.0039,-0.0039,-0.9906
0.0,0.0,-0.9984
-0.0039,0.0039,-0.9984
-0.0117,-0.0039,-0.9906
-0.0117,0.0,-0.9867
-0.0078,0.0156,-0.9945
-0.0039,-0.0039,-0.9984
-0.0039,0.0,-0.9945
0.0,0.0117,-0.9984
0.0,-0.0117,-1.0023
-0.0078,-0.0039,-1.0023
-0.0039,0.0,-0.9906
-0.0078,-0.0039,-0.9906
-0.0039,-0.0039,-0.9945
-0.0078,0.0078,-1.0023
0.0039,-0.0039,-0.9906
-0.0078,-0.0039,-0.9867
-0.0078,-0.0078,-0.9906
-0.0039,-0.0039,-0.9906
0.0,0.0039,-0.9984
-0.0039,-0.0039,-0.9984
-0.0039,0.0039,-0.9984
-0.0039,0.0117,-0.9984
-0.0039,-0.0078,-0.9945
-0.0039,-0.0039,-0.9945
-0.0078,-0.0039,-0.9945
0.0,-0.0039,-0.9906
-0.0117,0.0039,-1.0023
-0.0078,0.0,-0.9867
-0.0078,0.0,-1.0062
0.0078,-0.0039,-0.9945
-0.0078,0.0,-0.9906
0.0,0.0039,-0.9945
-0.0078,0.0,-0.9828
-0.0039,0.0039,-0.9945
0.0039,0.0078,-0.9945
-0.0039,-0.0039,-0.9984
-0.0117,-0.0078,-0.9984
0.0,-0.0039,-0.9984
0.0,0.0,-0.9945
0.0078,-0.0039,-0.9984
-0.0117,-0.0078,-0.9906
-0.0039,0.0078,-1.0062
-0.0039,0.0,-0.9984
0.0039,-0.0078,-1.0023
-0.0039,0.0,-0.9867
-0.0078,0.0,-0.9867
-0.0117,0.0039,-0.9906
-0.0078,0.0078,-0.9906
0.0117,-0.0078,-0.9906
-0.0078,-0.0039,-0.9945
-0.0078,0.0039,-0.9984
-0.0078,0.0039,-1.0023
-0.0156,-0.0078,-1.0023
-0.0078,-0.0039,-0.9945
-0.0039,0.0,-0.9906
0.0,0.0039,-1.0023
0.0078,-0.0039,-0.9984
-0.0195,-0.0039,-0.9867
0.0,0.0039,-0.9945
0.0039,0.0,-1.0023
-0.0039,0.0039,-0.9945
0.0,0.0039,-0.9984
-0.0078,-0.0078,-0.9984
-0.0078,-0.0039,-0.9945
0.0,0.0039,-1.0023
0.0,0.0039,-0.9984
-0.0039,-0.0039,-0.9906
-0.0078,0.0,-0.9828
0.0,0.0117,-0.9984
-0.0078,-0.0039,-0.9945
-0.0039,-0.0078,-1.0023
-0.0078,0.0,-0.9906
0.0,0.0039,-1.0062
-0.0078,0.0,-0.9984
-0.0039,-0.0039,-1.0023
-0.0039,0.0,-0.9984
-0.0039,-0.0039,-1.0062
-0.0039,0.0,-0.9945
-0.0078,-0.0078,-0.9867
0.0,0.0156,-0.9945
0.0,-0.0039,-0.9984
-0.0078,0.0,-0.9867
-0.0078,0.0078,-1.0023
0.0039,0.0,-0.9984
0.0039,-0.0078,-0.9945
-0.0117,-0.0078,-0.9867
-0.0039,0.0039,-0.9984
0.0,-0.0039,-1.0023
0.0039,-0.0078,-0.9984
-0.0078,-0.0039,-0.9867
-0.0039,-0.0078,-0.9789
-0.0078,-0.0117,-0.9906
-0.0039,0.0078,-0.9906
0.0039,0.0,-0.9984
-0.0156,-0.0039,-0.9906
0.0,0.0117,-0.9984
0.0,-0.0078,-0.9984
-0.0078,-0.0039,-0.9945
-0.0078,0.0,-0.9945
-0.0078,0.0078,-0.9984
-0.0039,0.0,-0.9984
-0.0078,-0.0039,-0.9867
-0.0156,0.0,-1.0023
-0.0039,0.0039,-0.9984
0.0,-0.0039,-0.9945
-0.0039,-0.0039,-0.9945
-0.0078,-0.0078,-0.9867
0.0,0.0117,-0.9906
0.0,-0.0039,-0.9906
-0.0039,0.0,-0.9906
-0.0039,0.0078,-0.9945
-0.0078,0.0,-0.9906
-0.0078,0.0078,-0.9945
-0.0039,-0.0039,-1.0023
-0.0078,0.0,-0.9906
0.0,0.0078,-0.9945
0.0,-0.0039,-1.0023
-0.0078,-0.0078,-0.9945
-0.0078,-0.0039,-0.9984
0.0,0.0,-0.9945
0.0,-0.0039,-0.9867
-0.0039,-0.0078,-0.9945
-0.0117,0.0039,-0.9945
-0.0039,0.0117,-1.0023
-0.0039,0.0,-0.9945
-0.0117,0.0,-0.9945
0.0,0.0,-0.9945
-0.0039,0.0039,-0.9945
-0.0078,0.0078,-0.9984
0.0,-0.0039,-0.9945
-0.0156,0.0039,-0.9945
-0.0039,0.0,-0.9984
-0.0078,0.0117,-0.9867
-0.0039,0.0,-1.0062
-0.0117,-0.0078,-0.9945
-0.0078,0.0039,-0.9945
-0.0078,0.0117,-1.0023
0.0078,-0.0039,-0.9945
-0.0156,-0.0039,-0.9906
-0.0039,0.0039,-0.9906
-0.0039,-0.0078,-0.9906
-0.0078,0.0078,-0.9984
0.0,0.0,-1.0023
0.0078,0.0039,-0.9945
-0.0117,-0.0078,-0.9828
0.0,0.0,-0.9984
-0.0039,0.0039,-0.9945
0.0039,-0.0039,-0.9984
-0.0078,-0.0039,-0.9867
-0.0039,-0.0039,-0.9906
0.0039,0.0039,-0.9945
-0.0078,0.0,-0.9984
-0.0117,0.0,-0.9945
-0.0117,0.0078,-1.0062
0.0039,-0.0078,-0.9984
-0.0078,0.0,-0.9984
-0.0039,-0.0039,-1.0062
-0.0078,-0.0039,-0.9906
-0.0078,0.0039,-0.9984
0.0,0.0,-0.9945
-0.0117,0.0,-0.9906
-0.0039,-0.0039,-0.9945
-0.0117,0.0,-0.9828
-0.0039,0.0,-1.0023
0.0,-0.0039,-0.9945
-0.0078,0.0,-0.9945
-0.0078,0.0078,-0.9945
0.0,-0.0039,-1.0023
-0.0078,-0.0039,-0.9945
-0.0078,-0.0078,-0.9906
-0.0117,-0.0039,-0.9906
0.0,0.0039,-1.0023
0.0039,-0.0039,-0.9984
0.0,-0.0039,-0.9945
-0.0039,-0.0078,-0.9828
0.0,0.0039,-0.9945
-0.0039,0.0078,-0.9945
-0.0078,0.0,-0.9984
-0.0117,-0.0039,-0.9945
-0.0117,0.0078,-1.0023
-0.0039,0.0039,-0.9906
-0.0078,0.0,-1.0023
-0.0117,-0.0117,-0.9906
0.0,0.0,-0.9945
-0.0117,0.0,-0.9789
0.0,0.0039,-0.9945
-0.0039,0.0,-1.0023
-0.0117,0.0,-0.9867
-0.0078,-0.0039,-0.9867
0.0,0.0156,-0.9945
0.0,-0.0039,-0.9984
-0.0039,-0.0039,-0.9867
-0.0078,0.0078,-0.9984
0.0,-0.0039,-0.9984
-0.0039,-0.0078,-0.9984
0.0,0.0078,-0.9984
0.0039,-0.0078,-0.9984
0.0078,-0.0117,-1.0023
-0.0078,-0.0078,-0.9984
-0.0039,0.0,-0.9984
-0.0078,0.0039,-0.9867
-0.0078,0.0,-0.9984
-0.0078,-0.0039,-0.9867
-0.0078,-0.0039,-0.9906
-0.0078,0.0117,-0.9984
0.0039,0.0,-0.9984
-0.0039,-0.0039,-0.9945
-0.0078,0.0039,-1.0023
0.0039,-0.0117,-0.9945
-0.0078,-0.0039,-0.9945
-0.0039,-0.0039,-0.9906
0.0,0.0078,-0.9984
0.0,-0.0039,-1.0023
-0.0039,0.0039,-0.9945
-0.0117,0.0,-0.9906
0.0,-0.0039,-1.0023
-0.0078,-0.0039,-0.9906
-0.0039,0.0,-0.9906
-0.0039,-0.0039,-1.0023
-0.0117,0.0117,-1.0023
-0.0039,0.0117,-0.9984
-0.0039,0.0,-0.9984
-0.0078,0.0039,-0.9984
0.0,0.0117,-0.9984
-0.0039,-0.0039,-0.9984
-0.0039,0.0,-0.9867
-0.0078,0.0078,-0.9984
0.0,0.0117,-0.9984
0.0,-0.0039,-1.0023
-0.0039,0.0,-0.9867
-0.0039,0.0,-0.9984
0.0039,-0.0039,-0.9945
-0.0078,0.0039,-0.9906
-0.0078,-0.0039,-0.9945
0.0,-0.0078,-0.9867
-0.0078,0.0078,-0.9984
0.0,-0.0039,-0.9984
-0.0156,0.0,-0.9867
-0.0156,0.0078,-1.0062
0.0078,-0.0039,-1.0023
-0.0078,-0.0039,-0.9867
-0.0039,0.0039,-0.9906
-0.0078,-0.0078,-0.9906
0.0039,0.0117,-0.9945
0.0,0.0,-0.9984
-0.0039,-0.0078,-0.9945
-0.0039,0.0117,-1.0023
-0.0039,-0.0039,-1.0023
-0.0039,-0.0039,-0.9867
-0.0078,-0.0039,-0.9984
-0.0039,0.0078,-0.9945
-0.0039,-0.0039,-0.9984
-0.0078,0.0,-0.9867
-0.0039,0.0,-0.9984
-0.0039,0.0,-1.0023
-0.0078,-0.0039,-0.9945
-0.0078,0.0039,-0.9906
-0.0039,0.0039,-0.9906
-0.0039,0.0039,-1.0023
0.0039,0.0039,-0.9945
-0.0078,0.0039,-0.9867
0.0,0.0039,-1.0062
-0.0039,0.0,-1.0101
-0.0078,0.0,-0.9906
-0.0078,0.0,-0.9945
-0.0039,0.0039,-0.9906
-0.0078,-0.0078,-0.9984
-0.0078,0.0039,-0.9867
-0.0078,0.0,-1.0023
0.0039,-0.0039,-0.9984
-0.0078,0.0,-0.9906
-0.0039,-0.0039,-1.0062
-0.0078,-0.0039,-0.9984
0.0078,-0.0039,-1.0023
-0.0039,-0.0039,-0.9906
-0.0117,0.0039,-0.9906
0.0,0.0078,-0.9984
0.0039,-0.0078,-0.9984
-0.0039,0.0,-0.9867
-0.0078,0.0078,-1.0062
0.0,0.0,-0.9945
-0.0117,0.0,-0.9945
-0.0039,0.0039,-1.0023
0.0,-0.0039,-0.9984
-0.0078,-0.0078,-0.9945
-0.0078,0.0,-0.9828
-0.0078,0.0,-0.9984
0.0078,-0.0039,-0.9945
-0.0078,0.0,-0.9828
0.0,0.0,-1.0062
-0.0039,0.0039,-0.9867
0.0,-0.0039,-0.9984
-0.0117,-0.0039,-0.9906
-0.0117,0.0039,-0.9984
-0.0117,0.0039,-1.0023
0.0,-0.0039,-0.9945
-0.0078,0.0039,-0.9867
-0.0039,0.0,-1.0023
-0.0039,-0.0078,-1.0023
-0.0039,0.0,-1.0062
0.0,-0.0039,-0.9906
-0.0039,0.0,-0.9906
0.0039,0.0039,-0.9984
0.0,-0.0078,-0.9984
-0.0039,0.0,-0.9867
-0.0039,-0.0039,-0.9945
-0.0117,-0.0039,-0.9906
-0.0039,0.0,-0.9867
-0.0039,0.0078,-1.0062
-0.0039,-0.0039,-0.9984
-0.0078,-0.0039,-0.9945
0.0,0.0,-0.9906
-0.0039,0.0156,-0.9945
-0.0078,-0.0039,-0.9984
-0.0156,-0.0039,-0.9828
-0.0078,0.0078,-1.0023
0.0039,0.0,-1.0062
0.0039,-0.0078,-0.9984
-0.0078,0.0,-0.9984
-0.0039,0.0,-1.0062
0.0,0.0,-1.0023
-0.0078,-0.0039,-0.9867
0.0,0.0039,-1.0023
0.0,0.0,-1.0062
0.0,-0.0039,-0.9984
-0.0078,-0.0039,-0.9867
-0.0039,-0.0078,-0.9867
-0.0039,0.0117,-0.9984
0.0078,-0.0078,-0.9945
0.0039,-0.0078,-0.9984
-0.0078,-0.0039,-0.9867
-0.0078,0.0,-0.9867
-0.0039,0.0078,-0.9945
-0.0078,-0.0039,-1.0023
-0.0078,-0.0078,-0.9945
-0.0039,-0.0039,-0.9984
-0.0039,0.0,-1.0023
-0.0078,0.0,-0.9867
-0.0078,0.0039,-0.9867
-0.0039,0.0078,-1.0023
-0.0039,0.0039,-0.9945
-0.0039,0.0039,-0.9945
-0.0078,0.0078,-1.0023
0.0078,-0.0039,-1.0023
0.0,0.0,-0.9984
-0.0039,0.0039,-0.9906
-0.0078,-0.0039,-0.9945
-0.0078,-0.0039,-0.9867
-0.0039,0.0039,-0.9984
-0.0039,-0.0078,-0.9945
-0.0039,0.0078,-0.9984
-0.0039,-0.0039,-0.9945
-0.0078,-0.0078,-0.9867
-0.0039,-0.0039,-0.9984
-0.0039,0.0,-0.9906
-0.0156,0.0078,-1.0023
0.0078,-0.0039,-0.9984
0.0039,-0.0039,-0.9984
-0.0078,0.0,-0.9906
0.0,0.0039,-1.0023
0.0,-0.0078,-0.9906
0.0,-0.0039,-0.9906
-0.0039,-0.0078,-0.9906
-0.0039,0.0,-0.9984
0.0078,0.0,-0.9984
0.0,-0.0039,-0.9945
0.0,0.0,-0.9945
-0.0078,-0.0039,-0.9945
-0.0117,-0.0078,-0.9867
-0.0039,0.0,-0.9945
0.0,0.0,-1.0023
-0.0039,-0.0078,-1.0023
-0.0156,0.0,-0.9867
0.0,0.0,-1.0101
-0.0117,-0.0078,-0.9945
-0.0039,0.0,-0.9984
-0.0078,0.0039,-0.9906
0.0,-0.0039,-0.9945
-0.0117,-0.0039,-0.9906
0.0,0.0,-0.9984
-0.0078,0.0117,-0.9984
-0.0117,0.0039,-1.0023
-0.0039,0.0,-0.9945
0.0,0.0039,-1.0023
0.0039,-0.0078,-0.9906
-0.0117,0.0,-0.9828
-0.0039,0.0039,-1.0023
0.0039,-0.0039,-1.0023
0.0039,0.0,-1.0023
-0.0039,-0.0039,-0.9867
-0.0039,0.0078,-0.9906
0.0,0.0039,-0.9945
0.0,0.0078,-0.9945
-0.0039,-0.0039,-1.0023
-0.0195,0.0,-0.9789
-0.0078,0.0078,-1.0023
-0.0039,-0.0039,-1.0023
0.0,-0.0039,-0.9945
-0.0078,-0.0039,-0.9906
0.0,0.0,-0.9945
-0.0039,0.0039,-0.9984
0.0117,-0.0039,-0.9906
-0.0117,-0.0039,-0.9906
0.0,0.0039,-0.9906
-0.0156,-0.0078,-0.9945
-0.0039,0.0,-0.9945
0.0,0.0039,-0.9945
-0.0039,-0.0039,-0.9906
-0.0078,0.0117,-0.9906
-0.0078,0.0117,-1.0062
0.0039,-0.0039,-0.9906
-0.0117,0.0,-0.9867
-0.0039,0.0,-0.9867
-0.0039,-0.0039,-0.9984
0.0,0.0078,-0.9906
-0.0039,0.0078,-1.0023
0.0,-0.0039,-0.9906
-0.0117,0.0,-0.9945
0.0,0.0,-1.0062
-0.0039,-0.0039,-0.9984
-0.0039,0.0,-0.9906
-0.0078,0.0,-0.9867
0.0,0.0,-0.9945
-0.0117,0.0117,-0.9945
0.0,-0.0039,-0.9945
0.0,-0.0039,-0.9984
-0.0117,0.0,-0.9867
0.0,0.0,-1.0062
-0.0117,-0.0117,-0.9906
-0.0078,-0.0117,-0.9906
-0.0039,0.0,-0.9906
0.0,-0.0039,-0.9984
0.0,-0.0039,-0.9984
0.0039,-0.0078,-0.9906
0.0,-0.0039,-0.9984
0.0,-0.0039,-0.9945
-0.0039,-0.0039,-0.9984
-0.0039,-0.0078,-0.9867
-0.0078,0.0039,-0.9867
-0.0078,0.0039,-1.0023
0.0,-0.0078,-0.9984
-0.0039,0.0,-0.9867
-0.0117,0.0039,-0.9984
0.0117,-0.0039,-0.9984
-0.0117,0.0,-0.9906
-0.0078,0.0078,-1.0023
0.0,0.0039,-1.0062
0.0,-0.0039,-0.9984
-0.0078,-0.0039,-0.9984
0.0,0.0078,-0.9984
-0.0039,-0.0039,-0.9984
0.0,-0.0039,-0.9945
-0.0039,0.0039,-0.9906
-0.0039,0.0,-0.9984
-0.0078,-0.0078,-0.9984
-0.0078,0.0,-0.9945
-0.0039,0.0117,-0.9984
0.0,0.0039,-0.9945
-0.0117,0.0,-0.9867
-0.0039,0.0,-1.0023
-0.0039,0.0,-0.9984
-0.0078,-0.0039,-1.0023
-0.0039,-0.0039,-0.9906
-0.0078,0.0039,-0.9867
0.0039,0.0078,-0.9984
-0.0078,-0.0039,-1.0023
-0.0039,0.0,-0.9984
-0.0117,0.0078,-1.0023
-0.0039,-0.0078,-1.0023
-0.0078,0.0039,-0.9867
-0.0117,0.0117,-0.9984
0.0,0.0,-1.0062
-0.0078,0.0,-0.9945
0.0,-0.0039,-0.9906
-0.0078,0.0,-0.9906
-0.0039,0.0039,-0.9945
-0.0117,-0.0078,-0.9945
-0.0078,0.0,-0.9945
-0.0039,0.0039,-1.0023
-0.0078,0.0039,-1.0023
-0.0078,-0.0039,-0.9945
-0.0078,0.0,-0.9867
-0.0039,0.0039,-0.9906
-0.0117,0.0078,-0.9984
0.0,-0.0039,-0.9945
-0.0117,-0.0039,-0.9906
-0.0039,0.0078,-1.0023
-0.0039,-0.0039,-0.9828
-0.0039,0.0,-0.9984
0.0,-0.0078,-0.9906
-0.0078,0.0,-0.9984
-0.0039,0.0078,-1.0062
-0.0039,-0.0039,-0.9984
-0.0078,0.0,-0.9828
-0.0078,0.0117,-0.9984
-0.0039,0.0,-0.9984
-0.0117,0.0,-0.9828
-0.0078,0.0078,-1.0023
0.0078,-0.0039,-0.9945
-0.0078,0.0,-0.9945
-0.0078,0.0,-0.9867
-0.0039,0.0078,-0.9984
-0.0078,-0.0039,-1.0023
-0.0078,-0.0039,-0.9984
-0.0117,0.0117,-0.9945
-0.0039,-0.0039,-0.9984
-0.0078,0.0,-0.9945
-0.0039,0.0039,-1.0101
-0.0039,-0.0039,-1.0062
-0.0078,-0.0039,-0.9906
-0.0078,0.0078,-0.9906
0.0,0.0,-0.9945
-0.0117,-0.0039,-0.9906
-0.0117,0.0039,-0.9867
-0.0078,0.0,-1.0023
0.0078,-0.0039,-0.9984
-0.0039,0.0,-0.9945
0.0,0.0078,-1.0023
-0.0039,-0.0039,-1.0023
0.0039,-0.0039,-0.9984
-0.0078,-0.0039,-0.9945
-0.0078,0.0039,-0.9867
-0.0117,0.0,-0.9828
0.0,0.0117,-0.9984
-0.0078,-0.0039,-1.0062
-0.0039,0.0,-1.0023
-0.0078,0.0039,-0.9984
0.0,0.0,-0.9984
-0.0078,0.0,-0.9906
-0.0078,0.0117,-1.0023
-0.0039,0.0039,-0.9945
-0.0078,0.0,-0.9867
-0.0039,0.0117,-0.9945
-0.0039,0.0,-1.0023
-0.0078,0.0,-0.9984
-0.0117,0.0,-0.9906
0.0,0.0117,-0.9945
0.0,-0.0039,-0.9984
0.0,-0.0039,-0.9984
-0.0117,0.0,-0.9906
-0.0039,0.0117,-1.0023
0.0,-0.0039,-0.9945
-0.0039,-0.0078,-0.9984
-0.0039,0.0,-0.9906
0.0039,0.0,-1.0023
-0.0039,-0.0039,-0.9984
-0.0117,-0.0078,-0.9945
-0.0039,0.0,-0.9984
-0.0078,0.0117,-1.0023
-0.0039,-0.0039,-0.9984
-0.0117,0.0,-0.9906
-0.0039,0.0,-1.0023
-0.0039,-0.0039,-1.0023
0.0039,-0.0039,-0.9906
-0.0039,-0.0039,-0.9984
-0.0078,0.0039,-0.9906
0.0039,0.0,-0.9945
-0.0078,-0.0078,-0.9984
-0.0078,0.0,-0.9828
0.0,0.0,-0.9984
-0.0039,0.0078,-1.0062
0.0,0.0,-1.0023
-0.0039,0.0,-0.9906
-0.0078,0.0117,-1.0062
0.0039,0.0,-0.9945
-0.0117,-0.0078,-0.9906
-0.0078,0.0,-0.9984
-0.0117,0.0039,-0.9984
-0.0039,-0.0039,-0.9945
-0.0117,0.0,-0.9906
-0.0039,0.0156,-0.9984
-0.0039,-0.0039,-0.9945
-0.0078,0.0,-0.9984
0.0,0.0078,-0.9984
0.0039,-0.0039,-0.9945
-0.0078,0.0,-0.9867
-0.0039,0.0,-1.0023
-0.0039,0.0078,-1.0101
0.0,-0.0039,-0.9906
-0.0039,-0.0039,-1.0023
-0.0039,0.0,-0.9906
-0.0039,0.0039,-0.9867
0.0078,0.0,-1.0023
-0.0117,0.0,-0.9984
-0.0039,0.0,-0.9906
0.0039,0.0039,-0.9984
-0.0039,0.0,-0.9984
-0.0078,0.0039,-0.9906
-0.0039,0.0,-0.9906
-0.0039,0.0078,-1.0062
0.0078,-0.0039,-0.9984
-0.0117,-0.0039,-0.9828
-0.0117,0.0,-0.9984
0.0117,-0.0078,-0.9906
-0.0117,-0.0078,-0.9906
-0.0039,0.0039,-0.9984
-0.0039,0.0,-0.9906
0.0,-0.0039,-0.9945
0.0,0.0,-1.0062
-0.0039,-0.0156,-0.9945
-0.0078,-0.0078,-0.9945
-0.0078,0.0117,-0.9984
0.0,-0.0039,-0.9984
-0.0117,0.0,-0.9867
-0.0078,0.0,-1.0023
0.0,0.0039,-1.0023
0.0039,0.0,-0.9906
-0.0039,0.0,-0.9867
0.0,0.0,-1.0023
0.0039,-0.0039,-0.9945
-0.0117,0.0,-0.9867
-0.0039,0.0078,-1.0023
-0.0039,-0.0039,-1.0023
-0.0078,-0.0078,-0.9945
-0.0039,0.0078,-0.9984
0.0078,-0.0078,-0.9984
-0.0039,-0.0039,-1.0023
-0.0078,-0.0039,-0.9906
0.0,0.0039,-0.9945
-0.0078,0.0039,-0.9867
-0.0078,0.0078,-0.9945
-0.0039,-0.0078,-1.0023
-0.0039,0.0,-0.9906
-0.0117,0.0,-0.9906
-0.0039,-0.0039,-1.0062
0.0,-0.0078,-0.9906
-0.0117,-0.0078,-0.9945
-0.0039,0.0078,-1.0023
-0.0039,0.0,-1.0023
-0.0078,-0.0039,-0.9906
-0.0039,0.0039,-0.9906
-0.0156,-0.0039,-0.9984
-0.0156,-0.0039,-0.9906
-0.0078,0.0,-0.9984
-0.0156,0.0078,-1.0023
-0.0078,0.0,-0.9984
-0.0117,0.0,-1.0023
-0.0039,0.0039,-0.9984
0.0,0.0039,-1.0023
-0.0039,-0.0039,-0.9867
-0.0078,0.0039,-0.9906
-0.0156,0.0078,-0.9984
-0.0078,0.0,-1.0023
-0.0078,0.0039,-0.9984
0.0039,0.0078,-1.0023
-0.0078,-0.0117,-0.9906
-0.0078,0.0,-0.9906
-0.0078,0.0117,-1.0023
-0.0078,-0.0039,-0.9945
-0.0039,0.0,-0.9867
-0.0117,-0.0078,-0.9906
0.0,0.0,-1.0101
0.0039,-0.0039,-1.0023
-0.0078,-0.0039,-0.9867
-0.0039,0.0,-0.9906
-0.0039,0.0039,-0.9867
-0.0039,0.0039,-0.9906
0.0,0.0,-1.0023
0.0117,-0.0078,-0.9984
-0.0039,0.0,-0.9984
-0.0078,-0.0039,-0.9984
-0.0039,0.0039,-0.9945
-0.0039,0.0,-1.0023
-0.0039,-0.0039,-0.9945
-0.0078,0.0,-0.9867
0.0,0.0,-0.9984
-0.0078,0.0078,-0.9984
-0.0078,-0.0039,-1.0023
0.0,0.0,-0.9984
-0.0078,0.0156,-0.9945
-0.0039,0.0039,-1.0023
0.0039,-0.0039,-0.9945
-0.0078,0.0,-0.9906
-0.0039,0.0078,-0.9984
0.0078,0.0,-0.9984
-0.0078,-0.0039,-0.9906
-0.0039,0.0039,-0.9867
-0.0078,0.0039,-1.0023
-0.0078,-0.0039,-1.0062
-0.0078,0.0039,-0.9945
-0.0078,0.0039,-1.0023
0.0039,-0.0078,-0.9906
-0.0156,-0.0078,-0.9906
0.0,0.0,-0.9984
0.0039,-0.0039,-0.9984
-0.0039,-0.0039,-0.9867
-0.0078,0.0039,-0.9906
-0.0039,0.0039,-0.9984
-0.0039,-0.0039,-0.9945
-0.0039,0.0,-0.9906
0.0,0.0,-1.0023
0.0,-0.0039,-1.0023
-0.0039,-0.0039,-0.9945
0.0,0.0078,-0.9984
-0.0117,0.0,-0.9984
0.0,0.0,-0.9945
-0.0039,-0.0039,-0.9906
-0.0039,0.0,-0.9945
-0.0078,0.0078,-0.9984
0.0,-0.0039,-0.9984
-0.0117,-0.0039,-0.9789
-0.0117,0.0117,-1.0023
0.0,0.0,-0.9984
-0.0039,0.0,-0.9945
0.0,0.0,-0.9945
0.0078,-0.0039,-0.9984
-0.0039,0.0,-1.0023
-0.0078,0.0,-0.9945
-0.0039,0.0,-0.9906
-0.0039,0.0,-0.9906
-0.0156,0.0117,-0.9945
0.0039,-0.0039,-0.9984
0.0,-0.0039,-0.9867
-0.0117,0.0,-0.9867
-0.0039,0.0078,-0.9984
-0.0117,0.0078,-1.0023
-0.0039,0.0078,-0.9984
0.0039,0.0,-1.0023
-0.0117,0.0,-0.9867
-0.0039,0.0078,-1.0023
0.0,-0.0039,-1.0023
-0.0039,0.0,-0.9906
-0.0117,0.0,-0.9828
-0.0039,0.0039,-0.9867
0.0,0.0117,-0.9945
-0.0039,-0.0039,-0.9984
-0.0156,-0.0039,-0.9867
-0.0039,0.0039,-0.9984
-0.0078,0.0,-0.9984
-0.0039,-0.0078,-1.0062
-0.0078,-0.0039,-0.9906
-0.0078,0.0,-0.9906
0.0,0.0117,-0.9945
-0.0078,-0.0039,-0.9984
-0.0117,-0.0039,-0.9828
0.0,0.0078,-1.0062
0.0039,0.0,-0.9945
0.0039,-0.0078,-0.9945
-0.0078,-0.0039,-0.9984
-0.0078,0.0039,-0.9867
0.0,0.0,-0.9984
0.0078,0.0039,-1.0023
-0.0078,0.0,-0.9867
-0.0039,0.0039,-0.9906
0.0039,0.0,-0.9984
-0.0117,-0.0078,-0.9945
-0.0117,-0.0039,-0.9906
-0.0078,0.0078,-0.9945
0.0078,-0.0039,-0.9945
-0.0039,-0.0039,-0.9945
0.0,-0.0039,-0.9945
0.0,0.0117,-0.9984
-0.0039,-0.0039,-0.9945
-0.0078,0.0039,-0.9906
0.0,0.0,-1.0023
-0.0039,-0.0078,-0.9984
-0.0078,-0.0078,-0.9906
0.0,0.0078,-0.9984
-0.0039,-0.0039,-1.0062
-0.0078,-0.0039,-0.9906
-0.0039,0.0039,-0.9906
-0.0039,0.0039,-0.9945
-0.0039,-0.0039,-0.9984
-0.0078,0.0039,-0.9906
-0.0078,0.0078,-1.0062
0.0,-0.0039,-0.9906
-0.0117,-0.0039,-0.9906
-0.0039,0.0078,-0.9984
-0.0039,0.0039,-0.9984
0.0,0.0039,-1.0023
-0.0039,-0.0039,-0.9906
-0.0117,0.0,-0.9867
-0.0078,0.0,-0.9945
-0.0078,0.0078,-0.9984
0.0,0.0,-0.9984
-0.0078,0.0,-0.9906
-0.0078,0.0117,-0.9906
0.0039,-0.0039,-1.0023
-0.0117,-0.0078,-0.9945
-0.0039,-0.0039,-0.9867
-0.0078,-0.0039,-0.9906
-0.0039,-0.0039,-0.9945
-0.0117,0.0,-0.9906
-0.0039,0.0,-0.9984
-0.0039,-0.0039,-1.0023
-0.0078,-0.0039,-0.9867
-0.0078,-0.0078,-0.9906
-0.0039,0.0156,-0.9984
-0.0039,0.0039,-0.9945
0.0039,-0.0039,-0.9984
-0.0039,-0.0078,-0.9867
-0.0039,0.0,-1.0023
0.0,0.0,-1.0062
-0.0078,0.0,-0.9906
-0.0039,0.0078,-1.0062
-0.0039,0.0,-1.0023
0.0,0.0039,-0.9984
-0.0117,-0.0078,-0.9906
-0.0039,0.0039,-0.9984
-0.0039,-0.0039,-1.0023
-0.0156,0.0039,-0.9984
-0.0039,-0.0039,-0.9984
-0.0078,0.0,-0.9867
-0.0117,0.0078,-1.0023
0.0117,0.0,-0.9945
-0.0039,-0.0078,-0.9906
-0.0039,0.0,-0.9945
-0.0078,0.0,-0.9789
-0.0039,0.0078,-0.9984
0.0,-0.0039,-0.9945
0.0039,-0.0039,-0.9906
-0.0078,-0.0078,-0.9945
-0.0039,0.0117,-0.9984
-0.0039,-0.0039,-0.9945
-0.0078,0.0,-0.9906
0.0,0.0078,-0.9984
-0.0039,-0.0039,-1.0023
-0.0078,-0.0039,-0.9945
-0.0078,0.0039,-0.9867
-0.0078,0.0039,-0.9945
-0.0117,0.0156,-0.9984
-0.0078,0.0039,-0.9984
0.0039,-0.0039,-1.0023
-0.0039,-0.0078,-0.9906
-0.0117,0.0117,-1.0062
0.0,-0.0039,-0.9984
-0.0039,0.0,-1.0062
0.0,-0.0039,-0.9984
-0.0039,0.0117,-0.9945
0.0039,-0.0078,-0.9984
-0.0039,0.0,-0.9828
-0.0078,0.0039,-0.9828
-0.0078,0.0,-1.0023
-0.0117,-0.0078,-0.9906
-0.0117,0.0,-0.9945
-0.0039,0.0117,-0.9984
0.0,0.0039,-0.9984
-0.0039,-0.0039,-0.9906
-0.0117,0.0039,-0.9984
0.0078,0.0,-0.9906
-0.0078,0.0,-0.9906
-0.0039,0.0039,-1.0023
-0.0039,0.0,-1.0023
0.0,-0.0078,-0.9984
-0.0039,0.0,-0.9906
-0.0039,0.0117,-0.9984
-0.0078,0.0039,-0.9906
-0.0117,0.0039,-0.9984
-0.0078,-0.0039,-0.9984
-0.0078,0.0,-0.9867
0.0,0.0117,-0.9984
0.0,0.0,-1.0062
0.0,0.0078,-0.9984
-0.0039,0.0039,-0.9945
0.0,-0.0039,-0.9906
-0.0039,0.0,-1.0023
-0.0117,0.0117,-0.9984
0.0,-0.0078,-1.0023
-0.0078,0.0039,-0.9906
0.0,0.0,-0.9945
0.0039,0.0117,-0.9984
0.0039,-0.0039,-0.9984
-0.0039,-0.0039,-0.9906
-0.0117,-0.0039,-1.0023
0.0078,0.0,-0.9945
-0.0078,-0.0078,-0.9984
-0.0039,0.0078,-1.0023
0.0,0.0,-0.9984
0.0039,-0.0039,-0.9984
-0.0117,-0.0039,-0.9867
-0.0039,0.0117,-1.0023
0.0,0.0,-1.0023
-0.0078,0.0,-0.9906
-0.0039,-0.0039,-1.0062
0.0078,-0.0078,-1.0023
-0.0039,-0.0039,-1.0023
0.0,0.0,-1.0101
-0.0078,-0.0039,-1.0023
-0.0078,0.0,-0.9945
0.0,0.0039,-1.0023
-0.0039,-0.0039,-0.9945
-0.0039,-0.0039,-0.9867
-0.0078,0.0,-0.9906
-0.0039,0.0078,-0.9906
-0.0117,0.0156,-0.9984
-0.0078,0.0,-0.9984
-0.0078,0.0,-0.9984
-0.0078,0.0,-0.9984
0.0039,0.0078,-0.9984
-0.0117,-0.0078,-0.9984
-0.0078,-0.0039,-0.9945
-0.0039,0.0078,-0.9984
-0.0039,-0.0039,-0.9984
-0.0078,0.0039,-0.9906
-0.0039,0.0117,-1.0062
-0.0078,0.0,-1.0023
0.0078,-0.0078,-0.9945
-0.0117,0.0,-0.9906
-0.0117,-0.0039,-0.9945
-0.0039,0.0,-0.9867
-0.0039,0.0039,-0.9984
-0.0039,-0.0078,-0.9984
-0.0078,0.0039,-0.9945
-0.0039,0.0039,-0.9984
0.0,0.0156,-0.9945
0.0,0.0117,-0.9945
-0.0078,0.0,-1.0023
-0.0078,0.0039,-0.9945
-0.0078,0.0,-1.0062
-0.0039,0.0078,-0.9984
0.0078,-0.0078,-0.9945
-0.0078,0.0,-0.9945
-0.0078,-0.0039,-0.9945
-0.0195,-0.0078,-0.9906
0.0,0.0117,-0.9984
-0.0039,0.0,-0.9984
-0.0039,0.0039,-0.9906
-0.0039,0.0078,-0.9984
-0.0039,0.0,-0.9984
-0.0078,-0.0039,-1.0062
-0.0039,0.0,-0.9906
-0.0117,0.0078,-0.9945
-0.0039,-0.0039,-0.9984
-0.0039,-0.0078,-0.9984
-0.0039,0.0039,-1.0023
0.0078,-0.0078,-0.9945
0.0039,-0.0039,-0.9945
-0.0078,-0.0039,-0.9906
-0.0039,0.0,-0.9984
-0.0117,0.0117,-1.0062
-0.0039,0.0,-1.0023
-0.0078,0.0039,-0.9867
-0.0117,0.0039,-0.9984
0.0,-0.0039,-0.9945
-0.0078,0.0,-0.9906
0.0,0.0,-0.9906
0.0039,0.0,-1.0023
0.0,-0.0078,-0.9945
-0.0039,-0.0039,-0.9945
-0.0039,0.0,-0.9945
-0.0078,0.0,-1.0023
-0.0156,-0.0039,-0.9906
-0.0078,-0.0039,-0.9984
0.0,0.0039,-1.0062
0.0039,-0.0039,-1.0062
-0.0078,-0.0039,-0.9906
0.0,-0.0039,-0.9906
-0.0078,0.0039,-0.9945
-0.0039,0.0117,-0.9945
0.0,0.0,-0.9984
-0.0117,-0.0039,-0.9945
0.0,0.0,-1.0023
0.0,-0.0039,-0.9945
-0.0078,-0.0039,-0.9984
-0.0117,0.0078,-0.9906
-0.0039,0.0,-1.0023
-0.0078,-0.0078,-0.9984
-0.0078,-0.0039,-1.0023
-0.0078,0.0,-0.9945
-0.0117,0.0039,-1.0023
0.0039,0.0039,-0.9906
0.0039,-0.0039,-0.9945
-0.0039,-0.0039,-1.0023
-0.0078,0.0039,-0.9906
0.0,0.0,-0.9984
-0.0039,0.0,-1.0023
0.0,0.0039,-0.9945
-0.0078,0.0078,-0.9945
-0.0039,-0.0039,-0.9945
-0.0039,-0.0078,-0.9945
-0.0078,-0.0039,-0.9984
0.0,0.0,-0.9984
-0.0078,0.0039,-0.9945
-0.0078,-0.0039,-0.9984
-0.0039,0.0,-0.9945
-0.0078,0.0039,-1.0023
0.0,0.0,-0.9984
0.0078,0.0,-0.9984
-0.0039,-0.0078,-0.9945
-0.0078,0.0039,-0.9945
-0.0078,0.0039,-0.9984
0.0039,-0.0078,-0.9984
-0.0039,-0.0039,-0.9945
-0.0039,0.0039,-1.0023
-0.0039,-0.0039,-0.9945
-0.0039,-0.0039,-0.9906
-0.0039,-0.0078,-0.9906
0.0,0.0078,-0.9984
-0.0039,-0.0039,-0.9984
-0.0039,0.0,-0.9945
-0.0078,0.0117,-1.0023
0.0039,-0.0039,-0.9945
-0.0117,0.0,-0.9867
-0.0039,0.0039,-1.0062
-0.0117,-0.0039,-1.0062
-0.0039,-0.0039,-0.9906
-0.0078,0.0039,-0.9945
-0.0117,0.0078,-0.9945
0.0039,-0.0039,-0.9945
-0.0039,0.0,-0.9906
-0.0117,-0.0039,-0.9867
-0.0039,0.0117,-0.9984
-0.0078,0.0078,-0.9984
0.0,-0.0039,-0.9945
-0.0078,-0.0039,-0.9867
0.0,0.0,-1.0023
-0.0117,-0.0039,-1.0023
-0.0078,0.0,-0.9945
-0.0078,-0.0039,-0.9906
-0.0039,0.0039,-0.9984
-0.0078,-0.0039,-0.9984
-0.0039,0.0,-0.9945
-0.0078,0.0078,-1.0062
-0.0039,0.0078,-1.0023
0.0078,0.0039,-0.9906
-0.0039,-0.0078,-0.9906
-0.0078,-0.0039,-0.9828
-0.0078,-0.0039,-0.9945
-0.0039,0.0078,-0.9984
0.0078,0.0,-0.9945
-0.0156,-0.0078,-0.9906
-0.0039,0.0039,-0.9984
-0.0078,0.0,-0.9945
-0.0078,-0.0039,-0.9867
-0.0039,0.0039,-1.0062
-0.0078,0.0078,-0.9945
0.0,-0.0078,-0.9984
0.0039,-0.0039,-0.9945
0.0,-0.0078,-0.9984
-0.0078,0.0039,-0.9906
-0.0078,0.0039,-0.9906
0.0039,0.0078,-0.9984
-0.0078,0.0,-0.9984
-0.0039,0.0,-1.0023
0.0039,0.0117,-0.9984
-0.0078,-0.0039,-0.9945
-0.0039,0.0,-0.9945
-0.0117,-0.0039,-0.9906
-0.0039,0.0078,-1.0062
-0.0039,0.0,-1.0062
-0.0117,-0.0039,-0.9867
-0.0117,0.0039,-0.9906
-0.0078,0.0156,-1.0023
0.0039,0.0,-0.9984
0.0078,-0.0078,-0.9984
-0.0039,0.0,-1.0023
-0.0039,-0.0039,-0.9906
-0.0039,0.0117,-1.0062
0.0078,-0.0039,-0.9945
-0.0078,-0.0078,-0.9906
-0.0039,0.0,-0.9828
-0.0039,0.0078,-0.9945
-0.0039,-0.0039,-0.9984
-0.0117,-0.0078,-0.9906
0.0,0.0078,-1.0062
0.0,0.0,-0.9984
-0.0078,-0.0039,-0.9867
-0.0039,0.0078,-1.0062
-0.0078,0.0039,-0.9906
-0.0078,0.0039,-0.9984
-0.0078,-0.0039,-1.0023
-0.0039,0.0,-0.9906
-0.0117,0.0078,-1.0062
0.0078,-0.0039,-0.9984
-0.0156,-0.0039,-0.9906
-0.0039,0.0,-1.0023
-0.0039,-0.0039,-1.0023
-0.0078,-0.0039,-0.9945
0.0,0.0078,-0.9984
-0.0039,0.0039,-0.9906
-0.0078,-0.0039,-0.9945
-0.0078,-0.0117,-0.9945
-0.0078,0.0039,-0.9867
-0.0039,0.0078,-1.0023
0.0039,0.0,-1.0062
0.0,-0.0039,-1.0023
-0.0039,0.0,-0.9945
-0.0039,0.0,-0.9984
-0.0039,-0.0039,-1.0023
-0.0039,-0.0039,-0.9984
-0.0078,-0.0039,-0.9906
-0.0039,0.0,-0.9984
-0.0078,0.0039,-0.9945
-0.0078,-0.0039,-1.0023
0.0,-0.0039,-0.9945
-0.0039,0.0039,-0.9906
-0.0117,0.0,-0.9906
-0.0039,0.0078,-1.0062
-0.0039,0.0,-1.0062
-0.0039,0.0,-0.9945
-0.0039,0.0117,-0.9984
-0.0039,0.0,-1.0023
0.0,-0.0039,-0.9945
-0.0117,-0.0078,-0.9906
-0.0078,-0.0039,-0.9984
0.0,0.0,-1.0023
-0.0039,0.0117,-0.9984
-0.0078,-0.0039,-0.9906
-0.0078,0.0,-0.9906
-0.0039,0.0078,-0.9984
0.0,-0.0078,-0.9984
0.0,0.0,-0.9984
-0.0039,0.0117,-0.9984
0.0,0.0039,-1.0023
-0.0078,-0.0117,-0.9906
-0.0078,0.0117,-0.9984
0.0078,0.0,-0.9945
-0.0117,-0.0039,-0.9867
-0.0117,0.0,-0.9945
0.0,0.0,-0.9984
-0.0039,0.0078,-0.9984
-0.0039,0.0,-0.9867
-0.0039,-0.0039,-0.9867
-0.0078,0.0078,-0.9984
-0.0039,0.0,-0.9984
-0.0078,0.0,-0.9984
0.0,0.0,-1.0023
0.0,0.0156,-0.9984
-0.0078,0.0,-0.9867
-0.0078,-0.0078,-0.9906
-0.0039,0.0078,-0.9984
-0.0078,0.0039,-1.0023
-0.0039,0.0039,-0.9984
-0.0039,0.0117,-0.9984
-0.0039,0.0,-0.9984
-0.0078,0.0,-0.9906
-0.0078,0.0039,-0.9984
0.0078,-0.0039,-0.9984
-0.0078,0.0,-0.9906
-0.0039,0.0,-1.0023
-0.0039,0.0,-1.0062
0.0039,0.0039,-0.9984
-0.0039,0.0,-0.9945
-0.0078,-0.0039,-0.9945
-0.0117,0.0039,-0.9906
-0.0039,0.0078,-1.0023
-0.0039,-0.0039,-0.9984
-0.0039,0.0,-0.9984
